3.846153846153846367e-02
3.602976574530143694e-02
3.361813507518034844e-02
3.124678849729111557e-02
2.893586805774967657e-02
2.670551580267196967e-02
2.457587377817392268e-02
2.256708403037145996e-02
2.069928860538052320e-02
1.899262954931704023e-02
1.746724890829694232e-02
1.613657471306418484e-02
1.498717893287481243e-02
1.399891952161289206e-02
1.315165443316249592e-02
1.242524162140768926e-02
1.179953904023254077e-02
1.125440464352111918e-02
1.076969638515749492e-02
1.032527221902573324e-02
