4.087490305336646812e-02
1.370243390818867146e-01
2.050882499858013575e-01
2.066627430123677556e-01
1.736855645122416802e-01
1.282789089834176499e-01
8.388528656625440783e-02
4.727251145401767385e-02
2.065915498274045747e-02
3.554621836342929803e-03
-5.848818602687353568e-03
-9.742692291269859639e-03
-1.015816741053971774e-02
-8.711606800809144902e-03
-6.541148243768313796e-03
-4.352183136761800589e-03
-2.511567575546785284e-03
-1.151565405490464350e-03
-2.618162272717426600e-04
2.399098791891143161e-04
4.594674926669905070e-04
4.975892532758247879e-04
4.358962345456951102e-04
3.328070373038215040e-04
2.252213570664967897e-04
1.329066754725162633e-04
6.356196012596183203e-05
1.740264224167864223e-05
-9.250965491347736984e-06
-2.148596653488154417e-05
-2.428364900707811878e-05
-2.175628438642747241e-05
-1.689556363635317322e-05
-1.162605881849036163e-05
-7.007271316012848161e-06
-3.479283991277538745e-06
-1.090739564988500094e-06
3.195712505611330467e-07
9.947385993013971122e-07
1.180340396018020150e-06
1.083085816481814849e-06
8.558392549259013626e-07
5.986995072759771970e-07
3.681835525038264461e-07
1.890890192056314848e-07
6.579876907807502527e-08
-8.550562340297902865e-09
-4.550081652527742952e-08
-5.711983648221788705e-08
-5.377368124895839177e-08
-4.325580863470969846e-08
-3.075854006681520622e-08
-1.928362737729086752e-08
-1.021217426062105119e-08
-3.863568538838759020e-09
4.263884244376364292e-11
2.050430472388520152e-09
2.750774634590645348e-09
2.662251042527009541e-09
2.181314891019377119e-09
1.576611112860844039e-09
1.006938686108615037e-09
5.484761248176394081e-10
2.223323918372092858e-10
1.776109585876920940e-11
-9.065763656179931244e-11
-1.317559009880478329e-10
-1.314117294293636822e-10
-1.097484441096583539e-10
-8.063101904814771212e-11
-5.242954843604258369e-11
-2.931144287275792069e-11
-1.259506190273016428e-11
-1.913716077964363490e-12
3.908453414091942534e-12
6.272410324031849831e-12
6.466167116629319597e-12
5.508888142366336361e-12
4.114436958580407342e-12
2.722491146816786357e-12
1.559420168736645284e-12
7.045610441952838602e-13
1.484420972113215400e-13
-1.626659235277764816e-13
-2.965349498262388373e-13
-3.170992324812883739e-13
-2.758603788875205887e-13
-2.094869329748440356e-13
-1.410014747387849032e-13
-8.262401814984481196e-14
-3.900480842010611119e-14
-1.012940450689407639e-14
6.420248596133359228e-15
1.390660280003089839e-14
1.549422762724832040e-14
1.377980044544224599e-14
1.064253264054675409e-14
7.284327094450838730e-15
4.361230486251627204e-15
2.140481691235147244e-15
6.450849100705621542e-16
-2.316894092308612403e-16
-6.460352982571176360e-16
-7.541221602186100419e-16
-6.865730585141896290e-16
-5.394778181705864380e-16
-3.754038897037488938e-16
-2.293986327400846790e-16
-1.165847278935276012e-16
-3.933545335866818745e-17
6.939892902210010261e-18
2.967335127187243575e-17
3.654734603083187229e-17
3.411737232052634050e-17
2.728585125463998747e-17
1.930102925501077741e-17
1.202686726628280064e-17
6.308575695599111568e-18
2.327717159000826249e-18
-1.061307020302232435e-19
-1.344120523865055985e-18
-1.762893884836196637e-18
-1.690658424487137088e-18
-1.376978462816191484e-18
-9.900516079227479421e-19
-6.286074970013459202e-19
-3.394029744344172303e-19
-1.347433732025877017e-19
-7.152537277824086122e-21
5.982633550772767139e-20
8.459144886552143154e-20
8.353425307525653101e-20
6.933114939000117610e-20
5.066978591610557883e-20
3.276004473403460698e-20
1.816621477269762263e-20
7.668767526353227794e-21
1.000501477308994316e-21
-2.602471542566901608e-21
-4.035327792151639993e-21
-4.114598983321087777e-21
-3.482750534239095547e-21
-2.587424237938905015e-21
-1.702585529880847561e-21
-9.678269478678676689e-22
-4.306101826701815986e-22
-8.311725067986169719e-23
1.097040197151963750e-22
1.912217685540523786e-22
2.020027133378663635e-22
1.745359973427675732e-22
1.318325101239107368e-22
8.825212888894628182e-23
5.134483433061025315e-23
2.391374594398996143e-23
5.855314604588148317e-24
-4.416294562487917671e-24
-8.992173759075525574e-24
-9.882126559058183905e-24
-8.725426978684291225e-24
-6.702214790783920930e-24
-4.562862830160204705e-24
-2.713390936083161361e-24
-1.315822761447692335e-24
-3.798415886128197384e-25
1.650273866997794107e-25
4.190807020569608717e-25
4.815980518914428704e-25
4.351024666882176988e-25
3.399816580069188000e-25
2.353329051361719907e-25
1.428798123529834259e-25
7.183310258259301338e-26
2.344359296812101799e-26
-5.348007244828888951e-27
-1.932388483920182780e-26
-2.337298479296446448e-26
-2.163997574866564870e-26
-1.720798808434074515e-26
-1.210853607294537811e-26
-7.498574408457493506e-27
-3.894811453227138339e-27
-1.399244516604374705e-27
1.167073413789375553e-28
8.795309226992268574e-28
1.129180897317062763e-27
1.073325963614573756e-27
8.690284493781753218e-28
6.215690472753093100e-28
3.923069083371422356e-28
2.099149150795343879e-28
8.151885876029294862e-29
1.965800672126194331e-30
-3.938787880111476107e-29
-5.427758229373905511e-29
-5.308310393345277469e-29
-4.378794303782436451e-29
-3.183432703073016024e-29
-2.046393141054364474e-29
-1.125340737580804570e-29
-4.662829753910767761e-30
-5.011380042202294023e-31
1.727335927049217211e-30
2.594330536696581481e-30
2.617341290314100612e-30
2.201275605224044556e-30
1.626767469727874277e-30
1.064468956778093267e-30
6.004035724650561673e-31
2.628798700163891092e-31
4.580945984772333174e-32
-7.364202446887115953e-32
-1.232128624998794225e-31
-1.286355005592648279e-31
-1.104005613196895927e-31
-8.294480473361312976e-32
-5.522209468699581875e-32
-3.189434639937958256e-32
-1.464753113769891809e-32
-3.357017352753367570e-33
3.015331017224275724e-33
5.809087089765916649e-33
6.300281000474035481e-33
5.523537937462417757e-33
4.219809227759868607e-33
2.857428379587553011e-33
1.687544380189576989e-33
8.082229427519515120e-34
2.225380221843620960e-34
-1.159343384066305285e-34
-2.715580760104051650e-34
-3.074268210066100017e-34
-2.756632146157549859e-34
-2.142091950967702216e-34
-1.474890150389369172e-34
-8.896135208214578893e-35
-4.422851652479667335e-35
-1.392464689601889962e-35
3.982308014761668657e-36
1.256734043300103767e-35
1.494061584972363293e-35
1.372193074604235776e-35
1.084982092836234079e-35
7.594488332560828662e-36
4.673740803977510934e-36
2.403108313163672073e-36
8.390429205248077521e-37
-1.048616961070195152e-37
-5.745686655650068920e-37
-7.228947075692823008e-37
-6.812060466086062854e-37
-5.483267373310504012e-37
-3.901383776175257604e-37
-2.447597255074751818e-37
-1.297574813170495770e-37
-4.922575415881072511e-38
3.596921814757872298e-40
2.587631069350474904e-38
3.480663229023822210e-38
3.372188708160611919e-38
2.764887634377114992e-38
1.999592811103831900e-38
1.277932593033479240e-38
6.967696143832852878e-39
2.830929220529127236e-39
2.343911797308345113e-40
-1.143186987511753786e-39
-1.666810474562439758e-39
-1.664364733860472195e-39
-1.390980268993428316e-39
-1.022547935903930843e-39
-6.653298843670558193e-40
-3.723010036269163198e-40
-1.602900409068566209e-40
-2.473061294091847751e-41
4.923234842055664435e-41
7.933186248834648063e-41
8.188601075113269784e-41
6.981507103740694351e-41
5.217432469582892052e-41
3.454501098556321626e-41
1.980398000993495223e-41
8.962834711394755533e-42
1.905714889245354044e-42
-2.045825104862847788e-42
-3.749478438140393914e-42
-4.015158954028550450e-42
-3.495716039474826490e-42
-2.656246973557579020e-42
-1.788966094914432548e-42
-1.049140388565993601e-42
-4.960153607637551539e-43
-1.296234647388971464e-43
8.054935525265781578e-44
1.757835489453333885e-43
1.961633727710887813e-43
1.746023442505679147e-43
1.349340741857753583e-43
9.241210782377313032e-44
5.537057280822083523e-44
