0.000000000000000000e+00
8.398203151061334193e-02
7.692904989396369408e-02
7.046839200168729389e-02
6.455031328409933933e-02
5.912924683985414792e-02
5.416345256855067958e-02
4.961469578821504217e-02
4.544795284313966899e-02
4.163114143537424705e-02
3.813487360352584704e-02
3.493222944690128201e-02
3.199854985275564501e-02
2.931124663072758735e-02
2.684962859257046530e-02
2.459474223806094872e-02
2.252922582042870062e-02
2.063717566766773426e-02
1.890402373045560122e-02
1.731642541384709535e-02
1.586215682909020153e-02
1.453002067444325758e-02
1.330976002031230079e-02
1.219197933488773075e-02
1.116807214220844231e-02
1.023015475564868944e-02
9.371005576601349960e-03
8.584009490981082263e-03
7.863106935422104274e-03
7.202747241000163197e-03
6.597845895243504080e-03
6.043745393366993165e-03
5.536179377299122080e-03
5.071239786386379580e-03
4.645346766848202844e-03
4.255221108297031068e-03
3.897858995095402918e-03
3.570508878145373273e-03
3.270650289032043904e-03
2.995974433398358207e-03
2.744366414127705472e-03
2.513888947459763570e-03
2.302767446660015233e-03
2.109376358392999352e-03
1.932226646594695750e-03
1.769954327474733326e-03
1.621309967372403784e-03
1.485149062604063054e-03
1.360423227230490861e-03
1.246172120893449583e-03
1.141516054568928124e-03
1.045649217304249305e-03
9.578334717875556939e-04
8.773926709779730033e-04
8.037074520367196552e-04
7.362104674744570938e-04
6.743820167965738520e-04
6.177460450117730267e-04
5.658664771940375869e-04
5.183438608755281925e-04
4.748122904181465830e-04
4.349365896826232853e-04
3.984097313027784928e-04
3.649504726943735597e-04
3.343011905967414703e-04
3.062258974740103947e-04
2.805084245029821960e-04
2.569507571573802348e-04
2.353715105731131734e-04
2.156045329554613296e-04
1.974976262749647050e-04
1.809113744018692790e-04
1.657180696562231194e-04
1.518007295084761730e-04
1.390521958595612316e-04
1.273743099652635839e-04
1.166771566521181922e-04
1.068783720055912372e-04
9.790250920001461747e-05
8.968045758741088305e-05
8.214891057241872257e-05
7.524987817616329584e-05
6.893024053600293240e-05
6.314133890327417516e-05
5.783860098987709050e-05
5.298119777901544130e-05
4.853172915766812992e-05
4.445593595028428971e-05
4.072243613647370461e-05
3.730248322167143359e-05
3.416974490032489878e-05
3.130010030739619365e-05
2.867145429709508746e-05
2.626356731886133830e-05
2.405789958070761074e-05
2.203746830004145137e-05
2.018671694285322903e-05
1.849139544446269735e-05
1.693845048957062067e-05
1.551592500681453593e-05
1.421286610397592455e-05
1.301924073497569086e-05
1.192585844932670143e-05
1.092430062924423201e-05
1.000685566956762969e-05
9.166459601403840449e-06
8.396641702317978788e-06
7.691474674290580793e-06
7.045529005831224562e-06
6.453831166854566163e-06
5.911825314435607882e-06
5.415338214593435072e-06
4.960547110014820732e-06
4.543950286311673720e-06
4.162340110183986531e-06
3.812778331892625349e-06
3.492573461880635169e-06
3.199260047351843544e-06
2.930579689244494642e-06
2.684463653437999951e-06
2.459016942305873686e-06
2.252503703972009713e-06
2.063333866927259285e-06
1.890050897098058448e-06
1.731320583101306270e-06
1.585920763336318843e-06
1.452731915816472128e-06
1.330728538285899450e-06
1.218971252251500604e-06
1.116599570134383215e-06
1.022825269850620183e-06
9.369263258081737980e-07
8.582413495910285258e-07
7.861644975259634683e-07
7.201408059222125181e-07
6.596619180671747302e-07
6.042621700777056074e-07
5.535150054695681547e-07
5.070296908386256110e-07
4.644483073657996018e-07
4.254429949815539932e-07
3.897134279710433924e-07
3.569845025830700947e-07
3.270042188383380526e-07
2.995417402277532427e-07
2.743856163612021021e-07
2.513421548818965631e-07
2.302339301106596728e-07
2.108984169372939036e-07
1.931867394405276225e-07
1.769625246014005807e-07
1.621008522841280660e-07
1.484872933997051356e-07
1.360170288464854086e-07
1.245940424439198602e-07
1.141303816453598910e-07
1.045454803377009534e-07
9.576553851368793878e-08
8.772295404060054172e-08
8.035580215015873661e-08
7.360735864192348919e-08
6.742566312904445655e-08
6.176311896351705031e-08
5.657612676052920159e-08
5.182474870017798294e-08
4.747240102181001508e-08
4.348557234331189560e-08
3.983356563651881806e-08
3.648826187205260914e-08
3.342390351374637468e-08
3.061689619564722884e-08
2.804562705458720573e-08
2.569029831955395201e-08
2.353277487656411613e-08
2.155644463534833995e-08
1.974609062272572459e-08
1.808777381783654544e-08
1.656872582711014936e-08
1.517725057260707161e-08
1.390263423677391027e-08
1.273506277022063244e-08
1.166554632736232502e-08
1.068585004810926187e-08
9.788430652651259942e-09
8.966378361140848682e-09
8.213363691079436738e-09
7.523588722767075647e-09
6.891742457578755724e-09
6.312959925343344537e-09
5.782784725967920449e-09
5.297134716892589140e-09
4.852270582182551547e-09
4.444767041251674601e-09
4.071486475535940744e-09
3.729554770052445070e-09
3.416339183833342190e-09
3.129428078845707242e-09
2.866612351317888775e-09
2.625868422500796270e-09
2.405342657899609908e-09
2.203337095010062598e-09
2.018296369668424352e-09
1.848795740353174184e-09
1.693530118230146122e-09
1.551304018476769162e-09
1.421022355514512096e-09
1.301682011276406331e-09
1.192364111588592625e-09
1.092226951197034903e-09
1.000499512964864398e-09
9.164755313406958517e-10
8.395080543889354698e-10
7.690044625118302415e-10
7.044219055093594585e-10
6.452631228441061067e-10
5.910726149287755856e-10
5.414331359567664867e-10
4.959624812719551070e-10
4.543105445416917967e-10
4.161566220743875405e-10
3.812069435259859219e-10
3.491924099827219483e-10
3.198665220042859830e-10
2.930034816741317354e-10
2.683964540434553714e-10
2.458559745826410340e-10
2.252084903781691248e-10
2.062950238427720661e-10
1.889699486499256464e-10
1.730998684678486015e-10
1.585625898596987188e-10
1.452461814416970520e-10
1.330481120550641898e-10
1.218744613160281770e-10
1.116391964654464685e-10
1.022635099500657959e-10
9.367521263505344791e-11
8.580817797577298538e-11
7.860183286914330697e-11
7.200069126433494969e-11
6.595392694178763064e-11
6.041498217111373015e-11
5.534120923470611366e-11
5.069354205692157844e-11
4.643619541051259090e-11
4.253638938431392112e-11
3.896409699069275139e-11
3.569181296943779730e-11
3.269434200796755689e-11
2.994860474723565423e-11
2.743346007965440370e-11
2.512954237079971552e-11
2.301911235156792226e-11
2.108592053271219722e-11
1.931508209010367146e-11
1.769296225738250119e-11
1.620707134356691207e-11
1.484596856729671816e-11
1.359917396727242942e-11
1.245708771063464317e-11
1.141091617798965108e-11
1.045260425596475673e-11
9.574773315972353455e-12
8.770664401643383135e-12
8.034086187495553066e-12
7.359367308138317461e-12
6.741312690968067421e-12
6.175163556132289479e-12
5.656560775777996410e-12
5.181511310464909260e-12
4.746357464316845803e-12
4.347748722187953462e-12
3.982615952000936101e-12
3.648147773625322240e-12
3.341768912345346695e-12
3.061120370247571520e-12
2.804041262855659549e-12
2.568552181161455569e-12
2.352839950946499670e-12
2.155243672046680985e-12
1.974241930067806616e-12
1.808441082087277966e-12
1.656564526146336568e-12
1.517442871912150614e-12
1.390004936827668726e-12
1.273269498423099312e-12
1.166337739285027653e-12
1.068386326512374899e-12
9.786610723737041872e-13
8.964711273554051338e-13
8.211836608894884699e-13
7.522189888046666032e-13
6.890461099839913827e-13
6.311786178630502899e-13
5.781709552888502533e-13
5.296149839032606250e-13
4.851368416366040082e-13
4.443940641153193102e-13
4.070729478196570575e-13
3.728861346887483638e-13
