1.000000000000000000e+00
1.754091257337540011e+00
2.101655682283548821e+00
1.975940344655315428e+00
1.416486135327523321e+00
5.577475382380678859e-01
-4.029895158525943488e-01
-1.250784885665121360e+00
-1.801003332606649465e+00
-1.939383224019107343e+00
-1.645551905317351515e+00
-9.951995923332586091e-01
-1.409608455277675532e-01
7.232410062760741276e-01
1.406092987787356252e+00
1.761124922015879779e+00
1.717979426675435572e+00
1.296078086711228705e+00
5.980992786753056567e-01
-2.147893048831204243e-01
-9.600147696461193147e-01
-1.474495181902836016e+00
-1.650211465978776104e+00
-1.456722620217068442e+00
-9.459704413044853766e-01
-2.387510506004208999e-01
5.037007565175382062e-01
1.116362451904002739e+00
1.467002483081268682e+00
1.484601384280569647e+00
1.173534157242652975e+00
6.107317493407733444e-01
-7.312835341492429642e-02
-7.238474716835058276e-01
-1.198381180638860011e+00
-1.396188043837878201e+00
-1.280403334157940387e+00
-8.844089999654800582e-01
-3.027097864776211456e-01
3.314777825997006211e-01
8.766389483101364455e-01
1.214454059622915638e+00
1.275382078374527328e+00
1.052824688834943512e+00
6.030229044305264186e-01
3.106314366387818993e-02
-5.335685626678134952e-01
-9.662201215930704690e-01
-1.174512633281802776e+00
-1.117963362142651906e+00
-8.156479933352605016e-01
-3.405049920117455553e-01
1.981271531484019022e-01
6.795869208261848815e-01
9.988477487134900246e-01
1.089350219553604671e+00
9.367628924491739895e-01
5.808545551408048624e-01
1.053590315998704785e-01
-3.816286541966520396e-01
-7.721555544377669555e-01
-9.822745020223846435e-01
-9.700081100177843085e-01
-7.435878477588057089e-01
-3.583879910044017736e-01
9.648709528120691381e-02
5.187401350523905830e-01
8.158252060753615753e-01
9.251666196395748054e-01
8.272498819734700470e-01
5.488673788613360749e-01
1.560455529206759007e-01
-2.615266011075176311e-01
-6.109140981402645387e-01
-8.165634482027740448e-01
-8.365753162734019810e-01
-6.711327319677007353e-01
-3.614161585995163684e-01
2.051860006332406616e-02
3.884374716162373176e-01
6.613454352020110560e-01
7.812636149650216133e-01
7.254765330934630496e-01
5.106790351921369764e-01
1.883070940076200239e-01
-1.676963875155021988e-01
-4.777881651781324956e-01
-6.745498036198382952e-01
-7.172922320037007360e-01
-6.003882474959715276e-01
-3.536464094875892972e-01
-3.484118962985938150e-02
2.837544410193097999e-01
5.317076314408316629e-01
6.559519223621889106e-01
6.320886413450238495e-01
4.690696643678773370e-01
2.063905073548495395e-01
-9.539978501339113626e-02
-3.686079180821453805e-01
-5.535399205667869138e-01
-6.115002973238081729e-01
-5.328260128082547009e-01
-3.383023114809258214e-01
-7.381161234878597099e-02
2.004334987302091031e-01
4.235582896465200919e-01
5.475010619951730106e-01
5.473210598564206553e-01
4.261387503244433717e-01
2.137494551983212254e-01
-4.062613057090491697e-02
-2.797062318116023683e-01
-4.510124472760395076e-01
-5.183529398138153610e-01
-4.694198355925078836e-01
-3.179175730104480957e-01
-9.988738567481608710e-02
1.348154141376323445e-01
3.338867656825316721e-01
4.541984994841163914e-01
4.711057683683461672e-01
3.834370093784709721e-01
2.131703674991984321e-01
1.637578961322105897e-14
-2.078795763507471916e-01
-3.646397474558932816e-01
-4.368912928682727737e-01
-4.107576417413301151e-01
-2.944585377186244579e-01
-1.159443219596245633e-01
8.377328982922094269e-02
2.600126321379895300e-01
3.743918097885741147e-01
4.031581629908671527e-01
3.420766329405671158e-01
2.068816696387008047e-01
2.930288085037180412e-02
-1.503470339841556647e-01
-2.922980146110031319e-01
-3.661019026894259953e-01
-3.571328353966171099e-01
-2.694281635830446664e-01
-1.243326246667308399e-01
4.465030970376479558e-02
1.995674636044986183e-01
3.065174337451945230e-01
3.430452604368367520e-01
3.028228811513007934e-01
1.966479345787290334e-01
4.963146725212652655e-02
-1.047090998724126698e-01
-2.320689535556932637e-01
-3.049598546884459416e-01
-3.086183068140009866e-01
-2.439537834407575767e-01
-1.269586573169295129e-01
1.520189112711228807e-02
1.504731057561276841e-01
2.491189721379258870e-01
2.902389790590156338e-01
2.661697026628591645e-01
1.838505682336325497e-01
6.292718217020737415e-02
-6.890746101650570277e-02
-1.822353331872806903e-01
-2.524601954118704805e-01
-2.651258861378513743e-01
-2.188607502866355969e-01
-1.253561459028318947e-01
-6.457393144979312050e-03
1.109180067614613241e-01
2.008574295383431241e-01
2.441571886252368873e-01
2.324017500978901585e-01
1.695565593058890042e-01
7.078403348472950274e-02
-4.118658866006363883e-02
-1.412722411948589274e-01
-2.076400468414685008e-01
-2.264536621384126425e-01
-1.947338732234523140e-01
-1.207477988440874284e-01
-2.190199085371563603e-02
7.933280295770386847e-02
1.605153695334052000e-01
2.041948073405667197e-01
2.016448749673017127e-01
1.545767267716801341e-01
7.450154373920261919e-02
-2.005769649036542868e-02
-1.078354795108216191e-01
-1.695933982152153519e-01
-1.923232449445407555e-01
-1.719683550008655470e-01
-1.140983181904531019e-01
-3.243868343257727549e-02
5.436603904267887227e-02
1.269965639081010178e-01
1.697468636759077165e-01
1.739069223324203051e-01
1.395147879965787652e-01
7.513103793599290592e-02
-4.265397888468192011e-03
-8.074821703833892639e-02
-1.374802088913006926e-01
-1.624087492971925950e-01
-1.508117543518906478e-01
-1.061597414869617229e-01
-3.914519892615297980e-02
3.486065399226991046e-02
9.932240136263341401e-02
1.402251274039792717e-01
1.491104053086220738e-01
1.248084545354418984e-01
7.351586578225297042e-02
7.242771739817327470e-03
-5.898675298673627249e-02
-1.105311571663836340e-01
-1.363590077271185363e-01
-1.313983189789336425e-01
-9.751000310779200930e-02
-4.290437123174986600e-02
1.983166689253236525e-02
7.662605785044851459e-02
1.150696441806556836e-01
1.271184227460381289e-01
1.107636458112478406e-01
7.032614118914227996e-02
1.534392670483701593e-02
-4.166603080253238750e-02
-8.804911781156868344e-02
-1.138142888191475133e-01
-1.137768700508035996e-01
-8.858554288409119237e-02
-4.443414619183722047e-02
8.445342811846098807e-03
5.814521297166021230e-02
9.375627646866120657e-02
1.077549895286676329e-01
9.758279655361649929e-02
6.608857039187755744e-02
2.076454741686990790e-02
-2.802537117647965759e-02
-6.940823939920787167e-02
-9.441859165190852332e-02
-9.793326754481247731e-02
-7.970872306680187869e-02
-4.431376568627298784e-02
-7.202571872255703056e-15
4.321391826376583256e-02
7.580115622177771573e-02
9.082077687279260791e-02
8.538812454802682805e-02
6.121191607381497313e-02
2.410245652924637716e-02
-1.741475599920469519e-02
-5.405131581468909652e-02
-7.782841080804241141e-02
-8.380834812489301733e-02
-7.111074553518177688e-02
-4.300647383923407452e-02
-6.091470457035258468e-03
3.125407773021702390e-02
6.076278744550216854e-02
7.610510843228505962e-02
7.424062252319590938e-02
5.600861250260910640e-02
2.584621334230108314e-02
-9.281887465146000660e-03
-4.148599978749683420e-02
-6.371871427107236863e-02
-7.131210340874633014e-02
-6.295069224305076261e-02
-4.087908933048076121e-02
-1.031736838604147694e-02
2.176688332154419481e-02
4.824239574932027985e-02
6.339492539662325288e-02
6.415544287458441186e-02
5.071300915083173932e-02
2.639211189710714833e-02
-3.160162687232001555e-03
-3.128028547676504206e-02
-5.178674638896792887e-02
-6.033475600726555255e-02
-5.533124502696428609e-02
-3.821877823625614845e-02
-1.308127597049218993e-02
1.432445380351560563e-02
3.788300385911012869e-02
5.248131846764936270e-02
5.511425688995709449e-02
4.549668004939688704e-02
2.605898250324686916e-02
1.342360151310749428e-03
-2.305758825524160602e-02
-4.175415735933249439e-02
-5.075529293440692036e-02
-4.831157735352561988e-02
