3.846153846153846367e-02
3.778224129247019503e-02
3.710495280963917175e-02
3.643168169928261840e-02
3.576443664763778035e-02
3.510522634094188910e-02
3.445605946543218306e-02
3.381894470734590069e-02
3.319589075292029429e-02
3.258890628839256759e-02
3.199999999999999373e-02
3.143066045323111152e-02
3.088029573057982438e-02
3.034779379379131878e-02
2.983204260461080198e-02
2.933193012478347780e-02
2.884634431605456392e-02
2.837417314016925027e-02
2.791430455887275799e-02
2.746562653391028050e-02
2.702702702702702853e-02
2.659756468521494444e-02
2.617698089645293519e-02
2.576518773396664630e-02
2.536209727098172328e-02
2.496762158072381166e-02
2.458167273641855000e-02
2.420416281129159422e-02
2.383500387856858985e-02
2.347410801147517198e-02
2.312138728323699308e-02
2.277672929833216009e-02
2.243992378624864656e-02
2.211073600772688053e-02
2.178893122350729697e-02
2.147427469433034128e-02
2.116653168093643109e-02
2.086546744406600831e-02
2.057084724445950447e-02
2.028243634285735800e-02
2.000000000000000042e-02
1.972331813087087327e-02
1.945222926742547556e-02
1.918658659586230941e-02
1.892624330237987693e-02
1.867105257317668021e-02
1.842086759445123179e-02
1.817554155240202682e-02
1.793492763322757783e-02
1.769887902312637998e-02
1.746724890829694232e-02
1.723991342435876248e-02
1.701684050461532358e-02
1.679802103179109385e-02
1.658344588861055888e-02
1.637310595779817995e-02
1.616699212207844960e-02
1.596509526417582217e-02
1.576740626681478671e-02
1.557391601271981840e-02
1.538461538461538547e-02
1.519942710962663736e-02
1.501800129248140325e-02
1.483991988230817620e-02
1.466476482823546312e-02
1.449211807939175707e-02
1.432156158490555803e-02
1.415267729390536251e-02
1.398504715551967224e-02
1.381825311887698374e-02
